75.00905195072254
63.04027264999415
75.04443837916854
30.0
30.0
75.00905195072257
63.04027264999415
63.04027264999415
83.99551417962728
73.36094421300987
73.3609442130099
44.01944942447964
44.01944942447964
72.63003000368683
81.59110950504977
81.59110950504977
75.04443837916854
72.63003000368683
80.44343843321877
80.30997691527836
30.0
30.0
30.0
75.00905195072257
80.44343843321877
63.04027264999415
63.04027264999415
83.99551417962728
73.36094421300992
73.36094421300992
44.019449424479646
44.019449424479646
81.59110950504977
81.59110950504977
75.04443837916857
80.30997691527836
72.63003000368683
80.44343843321877
80.30997691527836
30.0
30.0
30.0
75.00905195072254
63.04027264999414
63.04027264999414
83.99551417962724
30.0
73.36094421300992
73.36094421300992
44.01944942447963
44.01944942447963
81.59110950504983
81.59110950504983
75.04443837916853
72.63003000368683
80.44343843321877
80.30997691527836
30.0
30.0
30.0
30.0
75.00905195072254
63.04027264999414
63.04027264999414
83.99551417962724
73.36094421300992
73.36094421300992
44.01944942447963
30.0
44.01944942447963
81.59110950504983
81.59110950504983
75.0444383791685
72.63003000368683
80.44343843321877
80.30997691527836
30.0
30.0
30.0
75.00905195072254
75.00905195072257
63.04027264999415
63.04027264999415
83.99551417962726
73.36094421300992
73.36094421300992
44.01944942447963
44.01944942447963
81.59110950504983
81.59110950504983
63.04027264999415
75.0444383791685
72.63003000368681
80.44343843321877
80.30997691527836
30.0
30.0
30.0
75.00905195072257
63.04027264999415
63.04027264999415
63.04027264999415
83.99551417962726
73.36094421300992
73.36094421300993
44.01944942447966
44.01944942447966
81.59110950504977
81.59110950504977
75.04443837916854
72.63003000368683
80.44343843321877
63.04027264999415
83.99551417962728
80.30997691527838
30.0
30.0
30.0
75.00905195072257
63.04027264999415
63.04027264999415
83.9955141796273
73.36094421300987
73.36094421300987
73.3609442130099
44.01944942447964
44.01944942447964
81.59110950504977
81.59110950504977
75.04443837916855
72.6300300036868
80.44343843321879
80.30997691527834
30.0
30.0
73.36094421300992
30.0
75.00905195072257
63.04027264999415
63.04027264999415
83.9955141796273
73.36094421300992
73.36094421300992
44.019449424479646
44.019449424479646
81.59110950504979
44.01944942447965
81.59110950504979
75.04443837916855
72.63003000368684
80.44343843321879
80.30997691527834
30.0
30.0
30.0
75.00905195072254
63.04027264999414
44.01944942447965
63.04027264999414
83.9955141796273
73.36094421300992
73.36094421300992
44.01944942447963
44.01944942447963
81.59110950504983
81.59110950504983
75.04443837916853
72.63003000368683
81.59110950504977
80.44343843321876
80.30997691527836
30.0
30.0
30.0
75.00905195072254
63.04027264999414
63.04027264999414
83.9955141796273
73.36094421300992
81.59110950504977
73.36094421300992
44.01944942447963
44.01944942447963
81.59110950504983
81.59110950504983
75.0444383791685
72.63003000368683
80.44343843321876
80.30997691527836
30.0
75.04443837916857
30.0
30.0
75.00905195072257
63.04027264999415
63.04027264999415
83.9955141796273
73.36094421300992
73.36094421300992
44.01944942447963
44.01944942447963
72.63003000368683
81.59110950504983
81.59110950504983
75.0444383791685
72.63003000368681
80.44343843321877
80.30997691527836
30.0
30.0
30.0
75.00905195072257
80.44343843321877
63.04027264999415
63.04027264999415
83.9955141796273
73.36094421300992
73.36094421300992
44.01944942447966
44.01944942447966
81.59110950504976
81.59110950504976
75.04443837916854
83.99551417962728
80.30997691527837
72.63003000368683
80.44343843321877
80.30997691527836
30.0
30.0
30.0
75.00905195072254
63.040272649994165
63.040272649994165
83.99551417962729
30.0
73.36094421300989
73.3609442130099
44.01944942447965
44.01944942447965
81.59110950504979
81.59110950504979
75.04443837916855
72.63003000368681
80.44343843321876
80.30997691527837
30.0
30.0
30.0
30.0
75.00905195072254
63.040272649994165
63.040272649994165
83.99551417962729
73.36094421300992
73.36094421300989
44.019449424479646
30.0
44.019449424479646
81.59110950504976
81.59110950504976
75.04443837916857
72.63003000368683
80.44343843321877
80.30997691527837
30.0
30.0
30.0
75.00905195072254
75.00905195072254
63.04027264999415
63.04027264999415
83.99551417962729
73.36094421300992
73.36094421300989
44.01944942447965
44.01944942447965
81.59110950504981
81.59110950504981
63.04027264999412
75.04443837916853
72.63003000368684
80.44343843321876
80.30997691527834
30.0
30.0
30.0
75.00905195072254
63.04027264999415
63.04027264999415
63.04027264999412
83.99551417962729
73.36094421300992
73.36094421300992
44.01944942447965
44.01944942447965
81.59110950504981
81.59110950504981
75.04443837916853
72.63003000368684
80.44343843321876
83.99551417962724
80.30997691527834
30.0
30.0
30.0
75.00905195072252
63.04027264999415
63.04027264999415
83.99551417962728
73.36094421300992
73.36094421300992
73.3609442130099
44.01944942447965
44.01944942447965
81.59110950504981
81.59110950504981
75.04443837916853
72.63003000368683
80.44343843321879
80.30997691527834
30.0
30.0
73.36094421300992
30.0
75.00905195072252
63.04027264999415
63.04027264999415
83.99551417962728
73.36094421300994
73.36094421300992
44.01944942447968
44.01944942447968
81.59110950504976
73.36094421300989
44.01944942447964
81.59110950504976
75.04443837916857
72.63003000368683
80.44343843321879
80.30997691527834
30.0
30.0
30.0
75.00905195072254
63.040272649994165
44.01944942447964
63.040272649994165
83.99551417962728
73.36094421300989
73.36094421300989
44.01944942447965
44.01944942447965
81.59110950504979
81.59110950504979
75.04443837916855
72.63003000368681
81.59110950504983
80.44343843321876
80.30997691527836
30.0
30.0
30.0
75.00905195072254
63.040272649994165
63.040272649994165
83.99551417962728
73.36094421300992
81.59110950504983
73.36094421300992
44.019449424479646
44.019449424479646
81.59110950504976
81.59110950504976
75.04443837916857
72.63003000368684
80.44343843321877
80.30997691527836
30.0
75.04443837916853
30.0
30.0
75.00905195072254
63.04027264999415
63.04027264999415
83.99551417962729
73.36094421300992
73.36094421300992
44.01944942447965
44.01944942447965
72.63003000368683
81.59110950504981
81.59110950504981
75.04443837916853
72.63003000368684
80.44343843321876
80.30997691527833
30.0
30.0
30.0
75.00905195072254
80.44343843321877
63.04027264999415
63.04027264999415
83.99551417962729
73.36094421300992
73.36094421300992
44.01944942447965
44.01944942447965
81.59110950504981
81.59110950504981
75.04443837916853
80.30997691527836
72.63003000368684
80.44343843321876
80.30997691527833
30.0
30.0
30.0
75.00905195072252
63.04027264999415
63.04027264999415
83.99551417962728
30.0
73.36094421300992
73.36094421300992
44.01944942447965
44.01944942447965
81.59110950504981
81.59110950504981
75.04443837916853
72.63003000368683
80.44343843321879
80.30997691527833
30.0
30.0
30.0
30.0
75.00905195072252
63.04027264999415
63.04027264999415
83.99551417962728
73.36094421300994
73.36094421300994
44.01944942447968
73.3609442130099
30.0
44.01944942447968
81.59110950504976
81.59110950504976
75.04443837916855
72.63003000368684
80.44343843321879
80.30997691527834
30.0
30.0
30.0
75.00905195072254
75.00905195072254
63.040272649994165
63.040272649994165
83.99551417962728
73.36094421300989
73.36094421300989
44.01944942447965
44.01944942447965
81.59110950504979
81.59110950504979
63.04027264999412
75.04443837916855
72.63003000368681
80.44343843321876
80.30997691527836
30.0
30.0
30.0
75.00905195072254
63.040272649994165
63.040272649994165
63.04027264999412
83.99551417962728
73.36094421300992
73.36094421300992
44.019449424479646
44.019449424479646
81.59110950504976
81.59110950504976
75.04443837916857
72.63003000368684
80.44343843321877
83.99551417962724
80.30997691527836
30.0
30.0
30.0
75.00905195072254
63.04027264999415
63.04027264999415
83.99551417962729
73.36094421300992
73.36094421300992
73.36094421300989
44.01944942447965
44.01944942447965
81.59110950504981
81.59110950504981
75.04443837916853
72.63003000368684
80.44343843321876
80.30997691527833
30.0
30.0
73.36094421300992
30.0
75.00905195072254
63.04027264999415
63.04027264999415
83.99551417962729
73.36094421300992
73.36094421300992
44.01944942447965
44.01944942447965
81.59110950504981
44.01944942447964
81.59110950504981
75.04443837916853
72.63003000368684
80.44343843321876
80.30997691527833
30.0
30.0
30.0
75.00905195072252
63.04027264999415
44.01944942447964
63.04027264999415
83.99551417962728
73.36094421300992
73.36094421300992
44.01944942447965
44.01944942447965
81.59110950504981
81.59110950504981
75.04443837916853
72.63003000368683
81.59110950504983
80.44343843321879
80.30997691527833
30.0
30.0
30.0
75.00905195072252
63.04027264999415
63.04027264999415
83.99551417962728
73.36094421300994
44.01944942447963
81.59110950504983
73.36094421300994
44.01944942447968
44.01944942447968
81.59110950504976
81.59110950504976
75.04443837916855
72.63003000368684
80.44343843321879
80.30997691527834
30.0
75.0444383791685
30.0
30.0
60.0
60.0
60.0
60.0
60.0
60.0
60.0
60.0
72.63003000368683
60.0
60.0
60.0
60.0
60.0
60.0
60.0
60.0
60.0
60.0
80.44343843321877
60.0
60.0
60.0
60.0
60.0
60.0
60.0
60.0
60.0
60.0
80.30997691527836
60.0
60.0
60.0
60.0
60.0
60.0
60.0
60.0
60.0
60.0
30.0
60.0
60.0
60.0
60.0
90.0
90.0
90.0
90.0
90.0
90.0
30.0
90.0
90.0
90.0
90.0
90.0
90.0
90.0
90.0
90.0
90.0
30.0
90.0
90.0
90.0
90.0
90.0
90.0
90.0
90.0
90.0
90.0
75.00905195072255
90.0
90.0
90.0
90.0
90.0
90.0
90.0
90.0
90.0
27.0
63.04027264999415
27.0
27.0
27.0
27.0
27.0
27.0
27.0
27.0
45.0
45.0
44.01944942447963
63.04027264999414
45.0
27.0
27.0
27.0
27.0
27.0
27.0
27.0
27.0
27.0
83.99551417962726
27.0
27.0
27.0
45.0
45.0
45.0
27.0
27.0
27.0
27.0
73.36094421300989
27.0
27.0
27.0
27.0
27.0
27.0
27.0
27.0
45.0
45.0
73.36094421300992
45.0
27.0
27.0
27.0
27.0
27.0
27.0
27.0
27.0
27.0
44.01944942447964
27.0
27.0
27.0
45.0
45.0
45.0
27.0
27.0
27.0
27.0
44.01944942447964
27.0
27.0
27.0
27.0
27.0
27.0
27.0
27.0
45.0
45.0
81.59110950504983
45.0
27.0
27.0
27.0
27.0
27.0
27.0
27.0
27.0
27.0
81.59110950504983
27.0
27.0
27.0
45.0
45.0
45.0
27.0
27.0
27.0
27.0
75.0444383791685
27.0
27.0
27.0
27.0
27.0
27.0
27.0
27.0
45.0
45.0
72.63003000368681
45.0
27.0
27.0
27.0
27.0
27.0
27.0
27.0
27.0
27.0
81.59110950504977
80.44343843321877
27.0
27.0
27.0
45.0
45.0
45.0
27.0
27.0
27.0
18.0
80.30997691527836
18.0
18.0
36.0
36.0
36.0
27.0
27.0
27.0
45.0
45.0
30.0
45.0
18.0
18.0
18.0
18.0
18.0
18.0
36.0
36.0
36.0
30.0
27.0
27.0
27.0
45.0
45.0
45.0
18.0
18.0
18.0
18.0
30.0
18.0
18.0
36.0
36.0
36.0
27.0
27.0
27.0
45.0
45.0
75.00905195072255
45.0
18.0
18.0
18.0
18.0
18.0
18.0
36.0
36.0
36.0
63.04027264999415
27.0
27.0
27.0
45.0
45.0
45.0
18.0
18.0
18.0
18.0
63.04027264999414
18.0
18.0
36.0
36.0
36.0
27.0
27.0
27.0
45.0
45.0
83.99551417962726
45.0
18.0
18.0
18.0
18.0
18.0
18.0
36.0
36.0
36.0
73.36094421300992
27.0
27.0
27.0
45.0
45.0
45.0
18.0
18.0
18.0
72.0
81.59110950504977
73.36094421300993
72.0
72.0
72.0
72.0
90.0
72.0
90.0
72.0
90.0
72.0
44.01944942447967
72.0
72.0
72.0
72.0
90.0
72.0
90.0
72.0
90.0
72.0
44.01944942447967
72.0
72.0
72.0
72.0
90.0
72.0
90.0
72.0
90.0
72.0
81.59110950504977
72.0
72.0
72.0
72.0
81.59110950504977
75.04443837916854
72.63003000368683
80.44343843321877
80.30997691527838
30.0
