194.07183054004443
180.68752147322468
180.6875214732247
224.0551720118491
189.66814011793036
189.66814011793036
112.77848546980913
112.77848546980913
201.81086990266448
201.81086990266448
170.70100415161667
198.59995599049262
198.14471012189472
60.0
60.0
60.0
194.07183054004443
180.68752147322468
180.6875214732247
224.0551720118491
189.66814011793048
189.6681401179305
112.77848546980914
112.77848546980914
201.81086990266436
201.81086990266436
170.7010041516167
198.59995599049262
198.1447101218947
60.0
60.0
60.0
194.07183054004446
180.68752147322465
180.68752147322465
224.05517201184904
189.66814011793048
189.6681401179305
112.77848546980914
112.77848546980914
201.81086990266436
201.81086990266436
170.7010041516167
198.59995599049262
198.1447101218947
60.0
60.0
60.0
194.0718305400444
180.6875214732247
180.6875214732247
224.0551720118491
189.66814011793042
189.66814011793036
112.77848546980911
112.77848546980911
201.81086990266448
201.81086990266448
170.70100415161667
198.59995599049262
198.14471012189472
60.0
60.0
60.0
194.0718305400444
180.6875214732247
180.6875214732247
224.0551720118491
189.66814011793048
189.6681401179305
112.77848546980908
112.77848546980908
201.81086990266436
201.81086990266436
170.7010041516167
198.59995599049262
198.1447101218947
60.0
60.0
60.0
194.07183054004446
180.68752147322465
180.68752147322465
224.05517201184904
189.66814011793048
189.6681401179305
112.77848546980908
112.77848546980908
201.81086990266436
201.81086990266436
170.7010041516167
198.59995599049262
198.1447101218947
60.0
60.0
60.0
194.0718305400444
180.6875214732247
180.6875214732247
224.055172011849
189.66814011793042
189.66814011793042
112.77848546980911
112.77848546980911
201.81086990266456
201.81086990266456
170.70100415161667
198.59995599049256
198.14471012189463
60.0
60.0
60.0
194.0718305400444
180.6875214732247
180.6875214732247
224.055172011849
189.66814011793048
189.66814011793048
112.77848546980908
112.77848546980908
201.81086990266436
201.81086990266436
170.7010041516167
198.59995599049256
198.1447101218946
60.0
60.0
60.0
194.07183054004446
180.68752147322465
180.68752147322465
224.05517201184904
189.66814011793048
189.66814011793048
112.77848546980908
112.77848546980908
201.81086990266436
201.81086990266436
170.7010041516167
198.59995599049256
198.1447101218946
60.0
60.0
60.0
194.0718305400444
180.68752147322465
180.68752147322465
224.055172011849
189.66814011793036
189.66814011793042
112.77848546980911
112.77848546980911
201.81086990266454
201.81086990266454
170.7010041516167
198.5999559904925
198.1447101218947
60.0
60.0
60.0
194.0718305400444
180.68752147322465
180.68752147322465
224.055172011849
189.66814011793048
189.66814011793048
112.77848546980908
112.77848546980908
201.81086990266442
201.81086990266442
170.70100415161667
198.59995599049262
198.1447101218947
60.0
60.0
60.0
194.0718305400444
180.68752147322465
180.68752147322465
224.0551720118491
189.66814011793048
189.66814011793048
112.77848546980908
112.77848546980908
201.81086990266442
201.81086990266442
170.70100415161667
198.59995599049262
198.1447101218947
60.0
60.0
60.0
194.0718305400444
180.68752147322465
180.68752147322465
224.055172011849
189.66814011793036
189.66814011793036
112.77848546980911
112.77848546980911
201.81086990266454
201.81086990266454
170.7010041516167
198.5999559904925
198.14471012189472
60.0
60.0
60.0
194.0718305400444
180.68752147322465
180.68752147322465
224.055172011849
189.66814011793048
189.66814011793048
112.77848546980908
112.77848546980908
201.81086990266442
201.81086990266442
170.70100415161667
198.59995599049262
198.1447101218947
60.0
60.0
60.0
194.0718305400444
180.68752147322465
180.68752147322465
224.0551720118491
189.66814011793048
189.66814011793048
112.77848546980908
112.77848546980908
201.81086990266442
201.81086990266442
170.70100415161667
198.59995599049262
198.1447101218947
60.0
60.0
60.0
120.0
120.0
120.0
120.0
120.0
120.0
120.0
120.0
120.0
120.0
120.0
120.0
120.0
120.0
120.0
120.0
120.0
120.0
120.0
120.0
180.0
180.0
180.0
180.0
180.0
180.0
180.0
180.0
180.0
180.0
180.0
180.0
180.0
180.0
180.0
180.0
90.0
90.0
90.0
90.0
90.0
90.0
150.0
150.0
90.0
90.0
90.0
90.0
90.0
90.0
90.0
90.0
150.0
150.0
90.0
90.0
90.0
90.0
90.0
90.0
90.0
90.0
150.0
150.0
90.0
90.0
90.0
90.0
90.0
150.0
90.0
90.0
90.0
90.0
150.0
90.0
90.0
90.0
90.0
150.0
90.0
60.0
60.0
120.0
120.0
90.0
90.0
150.0
150.0
60.0
60.0
60.0
60.0
120.0
120.0
90.0
90.0
150.0
150.0
60.0
60.0
60.0
60.0
120.0
120.0
90.0
90.0
150.0
150.0
60.0
60.0
60.0
120.0
90.0
150.0
60.0
60.0
120.0
90.0
150.0
60.0
60.0
120.0
90.0
150.0
60.0
240.0
240.0
240.0
240.0
240.0
240.0
240.0
240.0
240.0
240.0
240.0
240.0
240.0
240.0
240.0
240.0
240.0
240.0
